11111111111111111111111111111111111111111
00000000011000000000100000000011000000000
01110111011011101110101110111011011101110
01110111011011101110101110111011011101110
01110111011011101110101110111011011101110
00000000011000000000000000000011000000000
11010111011011101011111010111011011101011
11010111011011101011111010111011011101011
00010000011000001000100010000011000001000
01110111111111101110101110111111111101110
00010111111111101000000010111111111101000
11010111111111101011211010111111111101011
01010111111111101010001010111111111101010
01000000000000000010001000000000000000010
11010111111111101011111010111111111101011
00010111111111101000000010111111111101000
11010111111111101011111010111111111101011
11010111111111101011111010111111111101011
00000000011000000000100000000011000000000
01110111011011101110101110111011011101110
00000100011000100000000000100011000100000
11010101111110101011111010101111110101011
11010101111110101011111010101111110101011
00010000011000001000100010000011000001000
01111111011011111110101111111011011111110
00000000011000000000000000000011000000000
11111111111111111111111111111111111111111